# flags:
#    0 = wavelength has not been assigned to this detection
#    1 = user has assigned wavelength to this detection
#    2 = detection has been automatically assigned
#    3 = automatically assigned wavelength was rejected
|              pixel |         wavelength | flag |
| 36.025017812974156 | 14007.896407188342 |    3 |
|  315.9841045422031 | 13401.246296984365 |    1 |
|  413.5136531851534 | 14163.033583656585 |    1 |
| 439.37814299035443 |  14356.63855334501 |    1 |
|  464.6891785453732 | 14563.982401322703 |    3 |
| 480.20382843424267 | 14678.458465897942 |    3 |
|  495.3938769583586 | 14803.541063360582 |    3 |
|  521.8093805833879 | 15006.736730895522 |    1 |
|  549.3390607619236 | 15240.953838597185 |    1 |
|   576.353977754976 | 15432.146722189975 |    3 |
|  593.5078949992873 | 15570.159366574948 |    3 |
|  611.6566541875643 | 15702.538872276524 |    3 |
|   640.694113964689 | 15932.181938541984 |    1 |
|  683.2626743489434 | 16279.689957918346 |    1 |
|  698.4689398490799 | 16388.491850648672 |    3 |
|  742.1062897042095 |  16732.49615274293 |    3 |
|  802.4368135169158 | 17221.916601455046 |    1 |
|  817.7658875682708 | 17359.632683071297 |    1 |
| 1057.2341354246107 | 19350.118808095514 |    3 |
| 1126.2921029515196 | 19892.161586358237 |    3 |
| 1144.4280368992997 | 20007.950621763055 |    1 |
| 1164.7349982371245 |  20174.56404252287 |    3 |
|  1186.814160116699 | 20339.499926161625 |    3 |
|  1256.137638287668 | 20909.568709111318 |    1 |
|  1292.151585511504 | 21176.556853054168 |    1 |
| 1349.8157836265202 | 21637.229723468783 |    1 |
| 1647.6778593367765 | 24042.780508411837 |    1 |
|  1670.772040444389 |  24263.75174219037 |    1 |
| 1706.8435491504483 |  24627.70974488577 |    3 |
