# flags:
#    0 = wavelength has not been assigned to this detection
#    1 = user has assigned wavelength to this detection
#    2 = detection has been automatically assigned
#    3 = automatically assigned wavelength was rejected
|              pixel |         wavelength | flag |
| 12.473073509935764 | 13008.233873018586 |    3 |
| 20.268534157912327 | 13008.233873018586 |    3 |
|  56.47609610621405 | 13008.233873018586 |    3 |
|  63.08056076102818 | 13008.233873018586 |    3 |
|  75.46090640119517 | 13008.233873018586 |    3 |
|  98.99979779644812 | 13008.233873018586 |    3 |
| 104.91323436646607 | 13008.233873018586 |    3 |
| 111.45154720856762 | 13008.233873018586 |    3 |
| 116.24960351996015 | 13008.233873018586 |    3 |
| 154.08354783290773 | 13008.233873018586 |    3 |
|  181.9993762419802 | 13008.233873018586 |    3 |
|  195.4512783793962 | 13008.233873018586 |    3 |
| 196.78553963611435 | 13008.233873018586 |    3 |
| 206.99363583251176 | 13008.233873018586 |    3 |
| 225.43355314888217 | 13008.233873018586 |    3 |
|  244.5338251469261 | 13008.233873018586 |    3 |
| 247.43392500636247 | 13008.233873018586 |    3 |
|   294.409780905594 | 13008.233873018586 |    3 |
| 310.50469968044473 | 13008.233873018586 |    3 |
|  344.9555067064308 | 13236.515970815772 |    3 |
|  374.8403751535646 | 13509.128667035464 |    3 |
| 378.95970038251056 | 13527.336101380135 |    3 |
|  419.2288793758366 | 13893.442916583577 |    3 |
|  427.3256862592787 | 13951.000575491422 |    3 |
|  474.7685189680834 | 14344.286226946995 |    3 |
| 487.26491095133633 | 14426.845404813366 |    3 |
|  499.4544231197536 | 14563.982401322703 |    3 |
|  530.3036503567141 |  14800.17142196696 |    3 |
|   556.538658418434 | 15006.736730895522 |    1 |
|  578.2736487041853 | 15187.133211470842 |    3 |
|  584.0098727248438 | 15240.953838597185 |    3 |
|  597.2469456251235 |  15332.40232518956 |    3 |
|  599.3817629791239 |  15332.40232518956 |    3 |
|  611.0021326525124 | 15462.124840725859 |    3 |
|  628.6044776931906 | 15597.630887604519 |    3 |
|  636.3110052131543 | 15655.200640568439 |    3 |
|  645.8921162244508 | 15702.538872276524 |    3 |
|  703.9146594907903 |  16194.61533374965 |    1 |
|  732.3720011017758 | 16414.737345715068 |    1 |
|  750.9476257395842 | 16586.322405156072 |    3 |
|   758.300905382887 |  16611.02523678641 |    3 |
|  776.6630373056989 |  16763.54928040994 |    3 |
|  805.5750331574613 |  17008.75684625082 |    1 |
|  831.7756132865205 | 17221.916601455046 |    3 |
|   835.138210747541 | 17248.569768217283 |    1 |
|   851.298204486177 | 17386.056541941896 |    3 |
|  870.3819319536187 | 17529.362157158987 |    3 |
|  898.5084232267525 |  17770.91066341404 |    3 |
|  938.6427459493926 | 18067.934365494235 |    3 |
|  979.5648267517759 |  18401.55741337913 |    3 |
|  988.4721506819257 |  18459.58382102713 |    3 |
|  994.5192822036829 | 18526.172171921644 |    3 |
| 1049.4875718926119 | 18946.783106934152 |    3 |
| 1061.4141653380836 |  19048.43434633205 |    3 |
| 1067.0061904060046 | 19114.084100754277 |    3 |
|  1075.981693707359 | 19193.536827182335 |    3 |
| 1123.4543078143906 | 19560.751544549432 |    1 |
| 1157.5420738718492 |  19839.72833774238 |    3 |
| 1165.3971963941644 | 19892.161586358237 |    3 |
| 1175.5207653596797 | 20007.950621763055 |    3 |
| 1194.3821425402352 | 20115.977732458814 |    3 |
| 1195.4526178744663 |  20174.56404252287 |    3 |
| 1211.3646186996316 |  20275.83934730882 |    2 |
| 1216.4845847345969 | 20339.499926161625 |    3 |
| 1220.6340277769837 | 20339.499926161625 |    3 |
| 1240.1120918450865 | 20499.363845875345 |    3 |
| 1251.4951634862286 |  20563.54775287016 |    3 |
| 1259.1155648435038 | 20672.844319330132 |    3 |
| 1267.6793661040242 |  20729.01443541844 |    3 |
|  1273.690328086143 |  20729.01443541844 |    3 |
| 1279.4484443835877 | 20860.245911189548 |    3 |
| 1285.9426166762496 | 20909.568709111318 |    3 |
|  1288.432666575792 | 20909.568709111318 |    2 |
| 1296.8627725742328 | 21012.300832760295 |    3 |
| 1320.7383892039893 | 21176.556853054168 |    1 |
| 1393.9314747314854 | 21802.309048982886 |    3 |
| 1427.4568627635022 | 22052.365818286533 |    3 |
| 1431.5784436957108 | 22125.517139423744 |    3 |
| 1439.3980679484448 | 22125.517139423744 |    3 |
| 1445.5593220073215 | 22247.808709494744 |    3 |
| 1452.4714180455403 |   22312.7239011725 |    3 |
| 1477.4093477552758 | 22517.967606980605 |    3 |
| 1488.4280317612322 | 22517.967606980605 |    3 |
| 1498.3127627141637 | 22690.402341644858 |    3 |
| 1511.2098986363771 | 22741.960940576297 |    3 |
| 1518.1659825499135 |  22939.10081180471 |    3 |
| 1528.4108239544241 |  22939.10081180471 |    3 |
|  1531.829937866465 |  22939.10081180471 |    3 |
| 1538.2280838431743 | 22985.486670874518 |    3 |
| 1545.0548924069606 | 22985.486670874518 |    3 |
|  1554.962804244827 | 23221.237363710694 |    3 |
| 1555.8840410654207 | 23221.237363710694 |    3 |
| 1566.3672576349122 |  23227.89856211191 |    3 |
| 1566.9185833084157 |  23227.89856211191 |    3 |
| 1574.7948756968694 | 23420.117679238123 |    3 |
| 1579.9187620668126 | 23420.117679238123 |    3 |
| 1587.9424759963586 | 23420.117679238123 |    3 |
| 1605.4937215967263 | 23585.358366501605 |    3 |
| 1615.0889628836937 | 23689.099135447254 |    3 |
| 1626.9781863949167 |  23782.10594150076 |    3 |
| 1633.1835427079777 | 23839.461919539226 |    3 |
| 1636.8425513550349 | 23881.500623345466 |    3 |
| 1648.5752435610223 |   23968.3664511015 |    3 |
| 1767.2766884031596 | 24990.617875725136 |    3 |
| 1870.1720715617332 | 24990.617875725136 |    3 |
| 1894.0629529504956 | 24990.617875725136 |    3 |
|  1913.637833165382 | 24990.617875725136 |    3 |
| 1930.5310958805715 | 24990.617875725136 |    3 |
|  1940.870149906254 | 24990.617875725136 |    3 |
| 1957.2729194250044 | 24990.617875725136 |    3 |
| 1965.5576248069322 | 24990.617875725136 |    3 |
| 1985.0018260393697 | 24990.617875725136 |    3 |
